1038
23
25
31
34
26
26
26
31
35
12
26
22
27
32
31
31
26
27
31
35
17
27
23
28
31
32
15
26
24
26
31
32
29
28
25
26
31
35
24
33
23
28
32
32
28
26
23
25
31
35
34
23
30
25
28
34
33
25
28
24
26
30
36
29
22
26
25
26
31
35
30
28
24
27
26
31
34
34
26
28
24
27
31
35
29
27
13
27
23
26
33
27
30
29
24
23
32
28
30
22
44
27
19
24
24
24
27
38
28
22
38
29
29
28
38
35
30
33
23
24
34
31
33
30
20
28
23
24
22
28
28
35
34
28
33
25
31
26
29
17
18
16
30
23
25
22
19
19
30
35
34
28
29
28
21
19
31
34
20
36
50
24
23
28
24
32
32
22
21
24
24
25
27
25
27
28
28
17
23
27
23
27
32
27
16
35
25
24
24
36
31
35
34
25
22
28
29
19
35
25
29
32
29
31
23
26
