63
66
61
70
68
63
70
77
63
76
63
80
70
71
69
68
67
68
67
70
70
70
64
65
64
64
64
85
66
65
71
70
65
65
70
72
70
70
70
70
70
70
70
70
70
70
70
70
70
69
71
69
70
70
71
70
69
71
70
70
70
70
70
70
70
69
71
70
66
73
70
71
69
71
70
69
67
71
71
69
70
69
71
70
70
69
71
69
71
70
79
71
65
65
65
65
78
80
66
66
66
66
65
66
67
66
66
66
69
67
66
66
66
66
66
67
76
66
67
66
66
66
78
66
66
66
66
66
65
67
66
66
66
66
66
66
66
66
66
66
66
66
66
67
66
66
66
66
67
66
66
66
66
66
74
70
70
70
69
71
70
70
70
70
70
70
70
70
70
70
70
78
80
79
65
65
80
70
65
65
66
65
65
66
65
65
65
66
65
65
65
66
76
65
65
65
65
65
74
65
65
65
66
64
75
65
65
65
65
66
65
79
65
65
65
65
72
71
70
69
71
70
69
71
69
71
70
69
71
70
65
65
65
65
65
65
65
65
65
65
65
82
72
70
70
68
66
66
65
65
69
68
67
66
67
68
65
67
65
67
69
66
66
66
67
67
65
65
69
67
66
68
66
67
67
68
66
66
67
66
67
67
66
66
67
69
65
66
65
69
68
66
66
78
70
71
72
65
65
66
71
71
67
67
65
73
86
71
71
79
65
65
66
65
70
70
65
65
66
65
69
65
66
65
66
77
65
66
70
65
65
70
65
66
69
65
65
70
65
65
65
65
69
70
65
65
70
65
65
70
70
65
65
70
65
65
65
66
69
65
66
69
70
65
65
70
65
66
69
65
65
68
70
65
65
71
70
65
65
70
65
66
68
71
65
66
69
66
65
66
66
65
72
65
65
75
65
70
69
70
82
71
70
70
70
70
70
70
70
70
70
70
69
71
70
70
70
70
70
71
69
70
70
70
70
69
70
71
70
70
70
70
70
69
71
69
71
77
71
74
75
70
66
65
65
65
79
65
65
66
65
65
65
65
65
65
74
65
66
65
65
88
65
65
65
65
66
65
65
65
69
70
69
70
66
65
70
65
65
70
65
65
66
65
69
65
65
70
65
65
69
66
65
70
65
65
70
65
65
69
71
65
65
70
70
66
65
69
78
81
76
66
87
66
65
80
80
71
70
70
70
73
76
66
65
65
65
66
73
