325
331
319
356
323
334
322
330
316
329
316
329
315
329
316
328
315
330
316
329
316
331
316
329
318
330
317
366
356
338
320
352
489
507
353
445
350
409
360
341
327
336
320
346
322
387
335
346
319
331
317
334
317
331
317
334
319
330
317
368
318
338
332
350
370
334
327
359
356
383
323
331
333
332
319
332
316
329
316
329
316
329
316
331
315
328
316
328
316
330
317
328
316
335
315
332
316
331
316
329
325
335
333
332
333
333
320
352
337
399
318
338
316
331
321
332
317
334
318
330
316
330
436
438
353
352
326
339
328
338
332
338
325
338
317
333
340
359
317
394
319
331
316
330
317
329
319
330
