0 (0, 0) 
1 (0, 0) 
2 (0, 0) 
3 (0, 0) 
4 (0, 0) 
5 (0, 0) 
6 (0, 0) 
7 (0, 0) 
8 (0, 0) 
9 (0, 0) 
10 (0, 0) 
11 (0, 0) 
12 (0, 0) 
13 (0, 0) 
14 (0, 0) 
15 (0, 0) 
16 (0, 0) 
17 (0, 0) 
18 (0, 0) 
19 (0, 0) 
20 (0, 0) 
21 (0, 0) 
22 (0, 0) 
23 (0, 0) 
24 (0, 0) 
25 (0, 0) 
26 (0, 0) 
27 (0, 0) 
28 (0, 0) 
29 (0, 0) 
30 (0, 0) 
31 (0, 0) 
32 (0, 0) 
33 (0, 0) 
34 (0, 0) 
35 (0, 0) 
36 (0, 0) 
37 (0, 0) 
38 (0, 0) 
39 (0, 0) 
40 (0, 0) 
41 (0, 0) 
42 (0, 0) 
43 (328, 477) 
44 (327, 474) 
45 (326, 472) 
46 (326, 469) 
47 (325, 465) 
48 (323, 458) 
49 (322, 451) 
50 (319, 441) 
51 (317, 435) 
52 (317, 431) 
53 (317, 425) 
54 (317, 422) 
55 (317, 419) 
56 (318, 414) 
57 (319, 412) 
58 (319, 409) 
59 (319, 405) 
60 (321, 401) 
61 (322, 399) 
62 (322, 397) 
63 (322, 395) 
64 (322, 395) 
65 (321, 396) 
66 (321, 396) 
67 (321, 396) 
68 (322, 395) 
69 (322, 393) 
70 (322, 392) 
71 (161, 196) 
72 (321, 394) 
73 (320, 395) 
74 (320, 396) 
75 (321, 395) 
76 (321, 395) 
77 (321, 396) 
78 (320, 397) 
79 (321, 396) 
80 (321, 396) 
81 (320, 397) 
82 (320, 397) 
83 (320, 397) 
84 (240, 298) 
85 (319, 400) 
86 (240, 301) 
87 (320, 405) 
88 (322, 411) 
89 (322, 416) 
90 (323, 422) 
91 (324, 430) 
92 (326, 443) 
93 (326, 447) 
94 (328, 468) 
95 (330, 477) 
96 (0, 0) 
97 (0, 0) 
98 (0, 0) 
99 (0, 0) 
100 (0, 0) 
101 (0, 0) 
102 (0, 0) 
103 (0, 0) 
104 (0, 0) 
105 (0, 0) 
106 (0, 0) 
107 (0, 0) 
108 (0, 0) 
109 (0, 0) 
110 (0, 0) 
111 (0, 0) 
112 (0, 0) 
113 (0, 0) 
114 (0, 0) 
115 (0, 0) 
116 (0, 0) 
117 (0, 0) 
118 (0, 0) 
119 (85, 119) 
120 (341, 462) 
121 (343, 454) 
122 (345, 450) 
123 (348, 443) 
124 (349, 439) 
125 (349, 435) 
126 (347, 431) 
127 (347, 426) 
128 (347, 423) 
129 (347, 415) 
130 (347, 410) 
131 (349, 405) 
132 (348, 404) 
133 (347, 404) 
134 (348, 403) 
135 (347, 403) 
136 (346, 405) 
137 (340, 412) 
138 (340, 411) 
139 (340, 410) 
140 (340, 410) 
141 (341, 410) 
142 (341, 408) 
143 (341, 409) 
144 (340, 409) 
145 (340, 409) 
146 (340, 409) 
147 (341, 409) 
